Pradiniai duomenys:
| 1    | Willow         | 72        | 12.5      |
| 2    | Spruce         | 28        | 146.3     |
| 3    | Willow         | 51        | 137.9     |
| 4    | Apple tree     | 39        | 140.4     |
| 5    | Yew            | 49        | 120.5     |
| 6    | Willow         | 70        | 26.7      |
| 7    | Willow         | 37        | 169.7     |
| 8    | Birch tree     | 5         | 82.4      |
| 9    | Yew            | 27        | 168.3     |
| 10   | Yew            | 87        | 6.2       |
| 11   | Willow         | 58        | 140.5     |
| 12   | Spruce         | 41        | 73        |
| 13   | Oak            | 81        | 189.5     |
| 14   | Apple tree     | 15        | 133.3     |
| 15   | Yew            | 2         | 17.4      |
| 16   | Oak            | 95        | 20.5      |
| 17   | Spruce         | 74        | 137.3     |
| 18   | Apple tree     | 4         | 93.6      |
| 19   | Yew            | 93        | 88.9      |
| 20   | Spruce         | 73        | 108.7     |
| 21   | Pine           | 75        | 172.6     |
| 22   | Willow         | 4         | 127.9     |
| 23   | Birch tree     | 82        | 21.4      |
| 24   | Larch          | 74        | 167.8     |
| 25   | Birch tree     | 22        | 58.9      |

Rezultatai:
| 1    | Yew            | 2         | 17.4      | 569       |
| 2    | Yew            | 87        | 6.2       | 13691     |
| 3    | Willow         | 4         | 127.9     | 28123     |
| 4    | Apple tree     | 4         | 93.6      | 35111     |
| 5    | Birch tree     | 5         | 82.4      | 39133     |
| 6    | Willow         | 72        | 12.5      | 52919     |
| 7    | Oak            | 95        | 20.5      | 57679     |
| 8    | Willow         | 70        | 26.7      | 118973    |
| 9    | Birch tree     | 22        | 58.9      | 139397    |
| 10   | Yew            | 27        | 168.3     | 147457    |
| 11   | Birch tree     | 82        | 21.4      | 194707    |
| 12   | Yew            | 49        | 120.5     | 196709    |
| 13   | Spruce         | 41        | 73        | 199687    |
| 14   | Spruce         | 28        | 146.3     | 281737    |
| 15   | Pine           | 75        | 172.6     | 635821    |
